311	1.000	-67.425	
268	1.000	-69.155	
324	1.000	-65.531	
332	1.000	-66.558	
258	1.000	-68.700	
296	1.000	-68.745	
280	1.000	-67.866	
288	1.000	-68.338	
269	1.000	-69.795	
276	1.000	-69.324	
335	1.000	-67.434	
257	1.000	-65.668	
318	1.000	-68.739	
279	1.000	-67.151	
336	1.000	-67.496	
307	1.000	-69.951	
325	1.000	-67.730	
259	1.000	-65.937	
287	1.000	-66.449	
309	1.000	-68.343	
297	1.000	-65.905	
312	1.000	-68.487	
323	1.000	-66.115	
338	1.000	-69.208	
289	1.000	-66.277	
262	1.000	-67.463	
305	1.000	-66.820	
316	1.000	-67.544	
303	1.000	-67.368	
282	1.000	-69.676	
300	1.000	-68.321	
283	1.000	-66.271	
340	1.000	-68.831	
295	1.000	-67.025	
301	1.000	-69.169	
313	1.000	-68.807	
333	1.000	-69.872	
267	1.000	-69.069	
337	1.000	-68.087	
314	1.000	-65.674	
261	1.000	-66.922	
308	1.000	-67.002	
281	1.000	-65.285	
299	1.000	-65.511	
285	1.000	-66.716	
322	1.000	-67.910	
256	1.000	-68.612	
272	1.000	-66.921	
271	1.000	-68.692	
327	1.000	-68.238	
311	2.000	-66.763	
268	2.000	-67.747	
324	2.000	-63.317	
332	2.000	-65.851	
258	2.000	-66.570	
296	2.000	-66.473	
280	2.000	-65.724	
288	2.000	-67.669	
269	2.000	-69.194	
276	2.000	-68.239	
335	2.000	-65.843	
257	2.000	-64.765	
318	2.000	-67.606	
279	2.000	-66.207	
336	2.000	-66.485	
307	2.000	-68.892	
325	2.000	-65.691	
259	2.000	-64.458	
287	2.000	-65.177	
309	2.000	-67.171	
297	2.000	-65.483	
312	2.000	-67.089	
323	2.000	-64.979	
338	2.000	-67.522	
289	2.000	-64.915	
262	2.000	-66.007	
305	2.000	-66.208	
316	2.000	-66.458	
303	2.000	-66.856	
282	2.000	-68.518	
300	2.000	-67.314	
283	2.000	-65.733	
340	2.000	-66.913	
295	2.000	-66.455	
301	2.000	-67.787	
313	2.000	-67.295	
333	2.000	-68.289	
267	2.000	-68.275	
337	2.000	-66.860	
314	2.000	-64.281	
261	2.000	-66.696	
308	2.000	-65.866	
281	2.000	-64.424	
299	2.000	-64.763	
285	2.000	-65.354	
322	2.000	-66.997	
256	2.000	-67.062	
272	2.000	-65.063	
271	2.000	-67.356	
327	2.000	-67.172	
311	3.000	-62.746	
268	3.000	-64.656	
324	3.000	-58.097	
332	3.000	-61.331	
258	3.000	-60.525	
296	3.000	-59.927	
280	3.000	-60.258	
288	3.000	-64.316	
269	3.000	-66.004	
276	3.000	-64.287	
335	3.000	-60.614	
257	3.000	-60.499	
318	3.000	-63.469	
279	3.000	-62.693	
336	3.000	-62.976	
307	3.000	-64.918	
325	3.000	-59.456	
259	3.000	-59.616	
287	3.000	-60.560	
309	3.000	-63.758	
297	3.000	-62.345	
312	3.000	-62.463	
323	3.000	-60.131	
338	3.000	-62.284	
289	3.000	-60.499	
262	3.000	-60.481	
305	3.000	-62.538	
316	3.000	-62.548	
303	3.000	-64.168	
282	3.000	-65.607	
300	3.000	-64.414	
283	3.000	-62.832	
340	3.000	-61.488	
295	3.000	-63.632	
301	3.000	-63.513	
313	3.000	-62.343	
333	3.000	-64.092	
267	3.000	-65.544	
337	3.000	-63.091	
314	3.000	-58.118	
261	3.000	-64.012	
308	3.000	-61.280	
281	3.000	-61.868	
299	3.000	-61.351	
285	3.000	-60.422	
322	3.000	-63.657	
256	3.000	-61.410	
272	3.000	-59.814	
271	3.000	-63.053	
327	3.000	-62.898	
311	4.000	-55.156	
268	4.000	-58.794	
324	4.000	-60.000	
332	4.000	-51.748	
258	4.000	-51.445	
296	4.000	-50.325	
280	4.000	-53.166	
288	4.000	-57.717	
269	4.000	-59.424	
276	4.000	-56.175	
335	4.000	-52.273	
257	4.000	-51.738	
318	4.000	-56.141	
279	4.000	-56.378	
336	4.000	-55.906	
307	4.000	-56.826	
325	4.000	-60.000	
259	4.000	-50.558	
287	4.000	-53.381	
309	4.000	-56.291	
297	4.000	-54.732	
312	4.000	-54.218	
323	4.000	-52.427	
338	4.000	-54.317	
289	4.000	-52.673	
262	4.000	-50.946	
305	4.000	-55.377	
316	4.000	-55.208	
303	4.000	-57.658	
282	4.000	-59.479	
300	4.000	-58.535	
283	4.000	-56.440	
340	4.000	-52.926	
295	4.000	-58.184	
301	4.000	-56.522	
313	4.000	-54.320	
333	4.000	-56.337	
267	4.000	-58.847	
337	4.000	-56.006	
314	4.000	-60.000	
261	4.000	-57.934	
308	4.000	-52.671	
281	4.000	-57.087	
299	4.000	-54.573	
285	4.000	-52.366	
322	4.000	-55.550	
256	4.000	-53.130	
272	4.000	-51.544	
271	4.000	-54.321	
327	4.000	-55.065	
311	5.000	-60.000	
268	5.000	-60.000	
324	5.000	-60.000	
332	5.000	-60.000	
258	5.000	-60.000	
296	5.000	-60.000	
280	5.000	-60.000	
288	5.000	-60.000	
269	5.000	-60.000	
276	5.000	-60.000	
335	5.000	-60.000	
257	5.000	-60.000	
318	5.000	-60.000	
279	5.000	-60.000	
336	5.000	-60.000	
307	5.000	-60.000	
325	5.000	-60.000	
259	5.000	-60.000	
287	5.000	-60.000	
309	5.000	-60.000	
297	5.000	-60.000	
312	5.000	-60.000	
323	5.000	-60.000	
338	5.000	-60.000	
289	5.000	-60.000	
262	5.000	-60.000	
305	5.000	-60.000	
316	5.000	-60.000	
303	5.000	-60.000	
282	5.000	-60.000	
300	5.000	-60.000	
283	5.000	-60.000	
340	5.000	-60.000	
295	5.000	-60.000	
301	5.000	-60.000	
313	5.000	-60.000	
333	5.000	-60.000	
267	5.000	-60.000	
337	5.000	-60.000	
314	5.000	-60.000	
261	5.000	-60.000	
308	5.000	-60.000	
281	5.000	-60.000	
299	5.000	-60.000	
285	5.000	-60.000	
322	5.000	-60.000	
256	5.000	-60.000	
272	5.000	-60.000	
271	5.000	-60.000	
327	5.000	-60.000	
311	6.000	-60.000	
268	6.000	-60.000	
324	6.000	-60.000	
332	6.000	-60.000	
258	6.000	-60.000	
296	6.000	-60.000	
280	6.000	-60.000	
288	6.000	-60.000	
269	6.000	-60.000	
276	6.000	-60.000	
335	6.000	-60.000	
257	6.000	-60.000	
318	6.000	-60.000	
279	6.000	-60.000	
336	6.000	-60.000	
307	6.000	-60.000	
325	6.000	-60.000	
259	6.000	-60.000	
287	6.000	-60.000	
309	6.000	-60.000	
297	6.000	-60.000	
312	6.000	-60.000	
323	6.000	-60.000	
338	6.000	-60.000	
289	6.000	-60.000	
262	6.000	-60.000	
305	6.000	-60.000	
316	6.000	-60.000	
303	6.000	-60.000	
282	6.000	-60.000	
300	6.000	-60.000	
283	6.000	-60.000	
340	6.000	-60.000	
295	6.000	-60.000	
301	6.000	-60.000	
313	6.000	-60.000	
333	6.000	-60.000	
267	6.000	-60.000	
337	6.000	-60.000	
314	6.000	-55.008	
261	6.000	-60.000	
308	6.000	-60.000	
281	6.000	-60.000	
299	6.000	-60.000	
285	6.000	-60.000	
322	6.000	-60.000	
256	6.000	-60.000	
272	6.000	-60.000	
271	6.000	-60.000	
327	6.000	-60.000	
311	7.000	-60.000	
268	7.000	-60.000	
324	7.000	-60.000	
332	7.000	-60.000	
258	7.000	-60.000	
296	7.000	-60.000	
280	7.000	-60.000	
288	7.000	-60.000	
269	7.000	-60.000	
276	7.000	-60.000	
335	7.000	-60.000	
257	7.000	-60.000	
318	7.000	-60.000	
279	7.000	-60.000	
336	7.000	-60.000	
307	7.000	-60.000	
325	7.000	-60.000	
259	7.000	-60.000	
287	7.000	-60.000	
309	7.000	-60.000	
297	7.000	-60.000	
312	7.000	-60.000	
323	7.000	-60.000	
338	7.000	-60.000	
289	7.000	-60.000	
262	7.000	-60.000	
305	7.000	-60.000	
316	7.000	-60.000	
303	7.000	-60.000	
282	7.000	-60.000	
300	7.000	-60.000	
283	7.000	-60.000	
340	7.000	-60.000	
295	7.000	-50.131	
301	7.000	-60.000	
313	7.000	-60.000	
333	7.000	-60.000	
267	7.000	-60.000	
337	7.000	-60.000	
314	7.000	-60.000	
261	7.000	-60.000	
308	7.000	-60.000	
281	7.000	-60.000	
299	7.000	-60.000	
285	7.000	-60.000	
322	7.000	-60.000	
256	7.000	-60.000	
272	7.000	-60.000	
271	7.000	-60.000	
327	7.000	-60.000	
311	8.000	-60.000	
268	8.000	-60.000	
324	8.000	-60.000	
332	8.000	-60.000	
258	8.000	-60.000	
296	8.000	-60.000	
280	8.000	-60.000	
288	8.000	-60.000	
269	8.000	-60.000	
276	8.000	-60.000	
335	8.000	-60.000	
257	8.000	-60.000	
318	8.000	-60.000	
279	8.000	-60.000	
336	8.000	-60.000	
307	8.000	-60.000	
325	8.000	-60.000	
259	8.000	-60.000	
287	8.000	-60.000	
309	8.000	-60.000	
297	8.000	-60.000	
312	8.000	-60.000	
323	8.000	-60.000	
338	8.000	-60.000	
289	8.000	-60.000	
262	8.000	-60.000	
305	8.000	-60.000	
316	8.000	-60.000	
303	8.000	-60.000	
282	8.000	-60.000	
300	8.000	-60.000	
283	8.000	-60.000	
340	8.000	-60.000	
295	8.000	-60.000	
301	8.000	-60.000	
313	8.000	-60.000	
333	8.000	-60.000	
267	8.000	-60.000	
337	8.000	-60.000	
314	8.000	-60.000	
261	8.000	-60.000	
308	8.000	-60.000	
281	8.000	-60.000	
299	8.000	-60.000	
285	8.000	-60.000	
322	8.000	-60.000	
256	8.000	-60.000	
272	8.000	-60.000	
271	8.000	-60.000	
327	8.000	-60.000	
311	9.000	-60.000	
268	9.000	-52.514	
324	9.000	-60.000	
332	9.000	-60.000	
258	9.000	-60.000	
296	9.000	-60.000	
280	9.000	-60.000	
288	9.000	-52.515	
269	9.000	-60.000	
276	9.000	-60.000	
335	9.000	-60.000	
257	9.000	-60.000	
318	9.000	-60.000	
279	9.000	-60.000	
336	9.000	-60.000	
307	9.000	-52.588	
325	9.000	-60.000	
259	9.000	-60.000	
287	9.000	-60.000	
309	9.000	-60.000	
297	9.000	-60.000	
312	9.000	-60.000	
323	9.000	-60.000	
338	9.000	-60.000	
289	9.000	-60.000	
262	9.000	-60.000	
305	9.000	-60.000	
316	9.000	-60.000	
303	9.000	-60.000	
282	9.000	-60.000	
300	9.000	-52.534	
283	9.000	-52.847	
340	9.000	-60.000	
295	9.000	-60.000	
301	9.000	-52.612	
313	9.000	-60.000	
333	9.000	-60.000	
267	9.000	-60.000	
337	9.000	-60.000	
314	9.000	-60.000	
261	9.000	-52.645	
308	9.000	-60.000	
281	9.000	-60.000	
299	9.000	-60.000	
285	9.000	-60.000	
322	9.000	-60.000	
256	9.000	-60.000	
272	9.000	-60.000	
271	9.000	-60.000	
327	9.000	-60.000	
311	10.000	-60.000	
268	10.000	-60.000	
324	10.000	-60.000	
332	10.000	-60.000	
258	10.000	-60.000	
296	10.000	-60.000	
280	10.000	-60.000	
288	10.000	-60.000	
269	10.000	-60.000	
276	10.000	-60.000	
335	10.000	-60.000	
257	10.000	-60.000	
318	10.000	-60.000	
279	10.000	-60.000	
336	10.000	-60.000	
307	10.000	-60.000	
325	10.000	-60.000	
259	10.000	-60.000	
287	10.000	-60.000	
309	10.000	-60.000	
297	10.000	-60.000	
312	10.000	-60.000	
323	10.000	-60.000	
338	10.000	-60.000	
289	10.000	-60.000	
262	10.000	-60.000	
305	10.000	-60.000	
316	10.000	-60.000	
303	10.000	-60.000	
282	10.000	-60.000	
300	10.000	-60.000	
283	10.000	-60.000	
340	10.000	-60.000	
295	10.000	-60.000	
301	10.000	-60.000	
313	10.000	-60.000	
333	10.000	-60.000	
267	10.000	-60.000	
337	10.000	-60.000	
314	10.000	-60.000	
261	10.000	-60.000	
308	10.000	-60.000	
281	10.000	-60.000	
299	10.000	-60.000	
285	10.000	-60.000	
322	10.000	-60.000	
256	10.000	-60.000	
272	10.000	-60.000	
271	10.000	-60.000	
327	10.000	-60.000	
311	11.000	-60.000	
268	11.000	-60.000	
324	11.000	-60.000	
332	11.000	-60.000	
258	11.000	-60.000	
296	11.000	-60.000	
280	11.000	-52.088	
288	11.000	-60.000	
269	11.000	-60.000	
276	11.000	-51.811	
335	11.000	-60.000	
257	11.000	-60.000	
318	11.000	-60.000	
279	11.000	-60.000	
336	11.000	-51.650	
307	11.000	-60.000	
325	11.000	-60.000	
259	11.000	-60.000	
287	11.000	-51.843	
309	11.000	-60.000	
297	11.000	-51.765	
312	11.000	-60.000	
323	11.000	-60.000	
338	11.000	-51.430	
289	11.000	-60.000	
262	11.000	-60.000	
305	11.000	-60.000	
316	11.000	-60.000	
303	11.000	-60.000	
282	11.000	-60.000	
300	11.000	-60.000	
283	11.000	-60.000	
340	11.000	-60.000	
295	11.000	-60.000	
301	11.000	-60.000	
313	11.000	-60.000	
333	11.000	-60.000	
267	11.000	-60.000	
337	11.000	-60.000	
314	11.000	-60.000	
261	11.000	-60.000	
308	11.000	-60.000	
281	11.000	-60.000	
299	11.000	-51.706	
285	11.000	-60.000	
322	11.000	-51.616	
256	11.000	-60.000	
272	11.000	-60.000	
271	11.000	-51.905	
327	11.000	-60.000	
311	12.000	-60.000	
268	12.000	-60.000	
324	12.000	-60.000	
332	12.000	-60.000	
258	12.000	-60.000	
296	12.000	-60.000	
280	12.000	-60.000	
288	12.000	-60.000	
269	12.000	-60.000	
276	12.000	-60.000	
335	12.000	-60.000	
257	12.000	-60.000	
318	12.000	-60.000	
279	12.000	-60.000	
336	12.000	-60.000	
307	12.000	-60.000	
325	12.000	-60.000	
259	12.000	-60.000	
287	12.000	-60.000	
309	12.000	-60.000	
297	12.000	-60.000	
312	12.000	-60.000	
323	12.000	-60.000	
338	12.000	-60.000	
289	12.000	-60.000	
262	12.000	-60.000	
305	12.000	-60.000	
316	12.000	-60.000	
303	12.000	-60.000	
282	12.000	-60.000	
300	12.000	-60.000	
283	12.000	-60.000	
340	12.000	-60.000	
295	12.000	-60.000	
301	12.000	-60.000	
313	12.000	-60.000	
333	12.000	-60.000	
267	12.000	-60.000	
337	12.000	-60.000	
314	12.000	-60.000	
261	12.000	-60.000	
308	12.000	-60.000	
281	12.000	-60.000	
299	12.000	-60.000	
285	12.000	-60.000	
322	12.000	-60.000	
256	12.000	-60.000	
272	12.000	-60.000	
271	12.000	-60.000	
327	12.000	-60.000	
311	13.000	-60.000	
268	13.000	-60.000	
324	13.000	-60.000	
332	13.000	-51.303	
258	13.000	-51.000	
296	13.000	-60.000	
280	13.000	-60.000	
288	13.000	-60.000	
269	13.000	-60.000	
276	13.000	-60.000	
335	13.000	-51.061	
257	13.000	-51.032	
318	13.000	-60.000	
279	13.000	-60.000	
336	13.000	-60.000	
307	13.000	-60.000	
325	13.000	-60.000	
259	13.000	-60.000	
287	13.000	-60.000	
309	13.000	-60.000	
297	13.000	-60.000	
312	13.000	-60.000	
323	13.000	-60.000	
338	13.000	-60.000	
289	13.000	-60.000	
262	13.000	-60.000	
305	13.000	-60.000	
316	13.000	-60.000	
303	13.000	-60.000	
282	13.000	-60.000	
300	13.000	-60.000	
283	13.000	-60.000	
340	13.000	-60.000	
295	13.000	-60.000	
301	13.000	-60.000	
313	13.000	-60.000	
333	13.000	-60.000	
267	13.000	-60.000	
337	13.000	-60.000	
314	13.000	-60.000	
261	13.000	-60.000	
308	13.000	-60.000	
281	13.000	-60.000	
299	13.000	-60.000	
285	13.000	-60.000	
322	13.000	-60.000	
256	13.000	-60.000	
272	13.000	-51.267	
271	13.000	-60.000	
327	13.000	-60.000	
311	14.000	-60.000	
268	14.000	-60.000	
324	14.000	-60.000	
332	14.000	-60.000	
258	14.000	-60.000	
296	14.000	-60.000	
280	14.000	-60.000	
288	14.000	-60.000	
269	14.000	-60.000	
276	14.000	-60.000	
335	14.000	-60.000	
257	14.000	-60.000	
318	14.000	-60.000	
279	14.000	-60.000	
336	14.000	-60.000	
307	14.000	-60.000	
325	14.000	-60.000	
259	14.000	-60.000	
287	14.000	-60.000	
309	14.000	-60.000	
297	14.000	-60.000	
312	14.000	-60.000	
323	14.000	-60.000	
338	14.000	-60.000	
289	14.000	-60.000	
262	14.000	-60.000	
305	14.000	-60.000	
316	14.000	-60.000	
303	14.000	-60.000	
282	14.000	-60.000	
300	14.000	-60.000	
283	14.000	-60.000	
340	14.000	-60.000	
295	14.000	-60.000	
301	14.000	-60.000	
313	14.000	-60.000	
333	14.000	-60.000	
267	14.000	-60.000	
337	14.000	-60.000	
314	14.000	-60.000	
261	14.000	-60.000	
308	14.000	-60.000	
281	14.000	-60.000	
299	14.000	-60.000	
285	14.000	-60.000	
322	14.000	-60.000	
256	14.000	-60.000	
272	14.000	-60.000	
271	14.000	-60.000	
327	14.000	-60.000	
311	15.000	-60.000	
268	15.000	-60.000	
324	15.000	-51.196	
332	15.000	-60.000	
258	15.000	-60.000	
296	15.000	-60.000	
280	15.000	-60.000	
288	15.000	-60.000	
269	15.000	-60.000	
276	15.000	-60.000	
335	15.000	-60.000	
257	15.000	-60.000	
318	15.000	-60.000	
279	15.000	-60.000	
336	15.000	-60.000	
307	15.000	-60.000	
325	15.000	-51.019	
259	15.000	-60.000	
287	15.000	-60.000	
309	15.000	-60.000	
297	15.000	-60.000	
312	15.000	-60.000	
323	15.000	-60.000	
338	15.000	-60.000	
289	15.000	-60.000	
262	15.000	-60.000	
305	15.000	-60.000	
316	15.000	-60.000	
303	15.000	-60.000	
282	15.000	-60.000	
300	15.000	-60.000	
283	15.000	-60.000	
340	15.000	-60.000	
295	15.000	-60.000	
301	15.000	-60.000	
313	15.000	-60.000	
333	15.000	-60.000	
267	15.000	-60.000	
337	15.000	-60.000	
314	15.000	-60.000	
261	15.000	-60.000	
308	15.000	-60.000	
281	15.000	-60.000	
299	15.000	-60.000	
285	15.000	-60.000	
322	15.000	-60.000	
256	15.000	-60.000	
272	15.000	-60.000	
271	15.000	-60.000	
327	15.000	-60.000	
311	16.000	-60.000	
268	16.000	-60.000	
324	16.000	-60.000	
332	16.000	-60.000	
258	16.000	-60.000	
296	16.000	-60.000	
280	16.000	-60.000	
288	16.000	-60.000	
269	16.000	-60.000	
276	16.000	-60.000	
335	16.000	-60.000	
257	16.000	-60.000	
318	16.000	-60.000	
279	16.000	-60.000	
336	16.000	-60.000	
307	16.000	-60.000	
325	16.000	-60.000	
259	16.000	-60.000	
287	16.000	-60.000	
309	16.000	-60.000	
297	16.000	-60.000	
312	16.000	-60.000	
323	16.000	-60.000	
338	16.000	-60.000	
289	16.000	-60.000	
262	16.000	-60.000	
305	16.000	-60.000	
316	16.000	-60.000	
303	16.000	-60.000	
282	16.000	-60.000	
300	16.000	-60.000	
283	16.000	-60.000	
340	16.000	-60.000	
295	16.000	-60.000	
301	16.000	-60.000	
313	16.000	-60.000	
333	16.000	-60.000	
267	16.000	-60.000	
337	16.000	-60.000	
314	16.000	-60.000	
261	16.000	-60.000	
308	16.000	-60.000	
281	16.000	-60.000	
299	16.000	-60.000	
285	16.000	-60.000	
322	16.000	-60.000	
256	16.000	-60.000	
272	16.000	-60.000	
271	16.000	-60.000	
327	16.000	-60.000	
311	17.000	-60.000	
268	17.000	-60.000	
324	17.000	-60.000	
332	17.000	-60.000	
258	17.000	-60.000	
296	17.000	-60.000	
280	17.000	-60.000	
288	17.000	-60.000	
269	17.000	-60.000	
276	17.000	-60.000	
335	17.000	-60.000	
257	17.000	-60.000	
318	17.000	-60.000	
279	17.000	-60.000	
336	17.000	-60.000	
307	17.000	-60.000	
325	17.000	-60.000	
259	17.000	-60.000	
287	17.000	-60.000	
309	17.000	-60.000	
297	17.000	-60.000	
312	17.000	-60.000	
323	17.000	-60.000	
338	17.000	-60.000	
289	17.000	-60.000	
262	17.000	-60.000	
305	17.000	-60.000	
316	17.000	-60.000	
303	17.000	-60.000	
282	17.000	-60.000	
300	17.000	-60.000	
283	17.000	-60.000	
340	17.000	-60.000	
295	17.000	-60.000	
301	17.000	-60.000	
313	17.000	-60.000	
333	17.000	-60.000	
267	17.000	-60.000	
337	17.000	-60.000	
314	17.000	-60.000	
261	17.000	-60.000	
308	17.000	-60.000	
281	17.000	-60.000	
299	17.000	-60.000	
285	17.000	-60.000	
322	17.000	-60.000	
256	17.000	-60.000	
272	17.000	-60.000	
271	17.000	-60.000	
327	17.000	-60.000	
311	18.000	-60.000	
268	18.000	-60.000	
324	18.000	-60.000	
332	18.000	-60.000	
258	18.000	-60.000	
296	18.000	-60.000	
280	18.000	-60.000	
288	18.000	-60.000	
269	18.000	-60.000	
276	18.000	-60.000	
335	18.000	-60.000	
257	18.000	-60.000	
318	18.000	-60.000	
279	18.000	-60.000	
336	18.000	-60.000	
307	18.000	-60.000	
325	18.000	-60.000	
259	18.000	-60.000	
287	18.000	-60.000	
309	18.000	-60.000	
297	18.000	-60.000	
312	18.000	-60.000	
323	18.000	-60.000	
338	18.000	-60.000	
289	18.000	-60.000	
262	18.000	-60.000	
305	18.000	-60.000	
316	18.000	-60.000	
303	18.000	-60.000	
282	18.000	-60.000	
300	18.000	-60.000	
283	18.000	-60.000	
340	18.000	-60.000	
295	18.000	-50.948	
301	18.000	-60.000	
313	18.000	-60.000	
333	18.000	-60.000	
267	18.000	-60.000	
337	18.000	-60.000	
314	18.000	-60.000	
261	18.000	-60.000	
308	18.000	-60.000	
281	18.000	-60.000	
299	18.000	-60.000	
285	18.000	-60.000	
322	18.000	-60.000	
256	18.000	-60.000	
272	18.000	-60.000	
271	18.000	-60.000	
327	18.000	-60.000	
311	19.000	-60.000	
268	19.000	-60.000	
324	19.000	-60.000	
332	19.000	-60.000	
258	19.000	-60.000	
296	19.000	-60.000	
280	19.000	-60.000	
288	19.000	-60.000	
269	19.000	-60.000	
276	19.000	-60.000	
335	19.000	-60.000	
257	19.000	-60.000	
318	19.000	-60.000	
279	19.000	-60.000	
336	19.000	-60.000	
307	19.000	-60.000	
325	19.000	-60.000	
259	19.000	-60.000	
287	19.000	-60.000	
309	19.000	-60.000	
297	19.000	-60.000	
312	19.000	-60.000	
323	19.000	-60.000	
338	19.000	-60.000	
289	19.000	-60.000	
262	19.000	-60.000	
305	19.000	-60.000	
316	19.000	-60.000	
303	19.000	-60.000	
282	19.000	-60.000	
300	19.000	-60.000	
283	19.000	-60.000	
340	19.000	-60.000	
295	19.000	-60.000	
301	19.000	-60.000	
313	19.000	-60.000	
333	19.000	-60.000	
267	19.000	-60.000	
337	19.000	-60.000	
314	19.000	-60.000	
261	19.000	-60.000	
308	19.000	-60.000	
281	19.000	-60.000	
299	19.000	-60.000	
285	19.000	-60.000	
322	19.000	-60.000	
256	19.000	-60.000	
272	19.000	-60.000	
271	19.000	-60.000	
327	19.000	-60.000	
311	20.000	-60.000	
268	20.000	-50.666	
324	20.000	-60.000	
332	20.000	-60.000	
258	20.000	-60.000	
296	20.000	-60.000	
280	20.000	-60.000	
288	20.000	-50.725	
269	20.000	-60.000	
276	20.000	-60.000	
335	20.000	-60.000	
257	20.000	-60.000	
318	20.000	-60.000	
279	20.000	-60.000	
336	20.000	-60.000	
307	20.000	-50.559	
325	20.000	-60.000	
259	20.000	-60.000	
287	20.000	-60.000	
309	20.000	-60.000	
297	20.000	-60.000	
312	20.000	-60.000	
323	20.000	-60.000	
338	20.000	-60.000	
289	20.000	-60.000	
262	20.000	-60.000	
305	20.000	-60.000	
316	20.000	-60.000	
303	20.000	-60.000	
282	20.000	-60.000	
300	20.000	-50.720	
283	20.000	-50.717	
340	20.000	-60.000	
295	20.000	-60.000	
301	20.000	-50.616	
313	20.000	-60.000	
333	20.000	-60.000	
267	20.000	-60.000	
337	20.000	-60.000	
314	20.000	-60.000	
261	20.000	-50.559	
308	20.000	-60.000	
281	20.000	-60.000	
299	20.000	-60.000	
285	20.000	-60.000	
322	20.000	-60.000	
256	20.000	-60.000	
272	20.000	-60.000	
271	20.000	-60.000	
327	20.000	-60.000	
311	21.000	-60.000	
268	21.000	-60.000	
324	21.000	-60.000	
332	21.000	-60.000	
258	21.000	-60.000	
296	21.000	-60.000	
280	21.000	-60.000	
288	21.000	-60.000	
269	21.000	-60.000	
276	21.000	-60.000	
335	21.000	-60.000	
257	21.000	-60.000	
318	21.000	-60.000	
279	21.000	-60.000	
336	21.000	-60.000	
307	21.000	-60.000	
325	21.000	-60.000	
259	21.000	-60.000	
287	21.000	-60.000	
309	21.000	-60.000	
297	21.000	-60.000	
312	21.000	-60.000	
323	21.000	-60.000	
338	21.000	-60.000	
289	21.000	-60.000	
262	21.000	-60.000	
305	21.000	-60.000	
316	21.000	-60.000	
303	21.000	-60.000	
282	21.000	-60.000	
300	21.000	-60.000	
283	21.000	-60.000	
340	21.000	-60.000	
295	21.000	-60.000	
301	21.000	-60.000	
313	21.000	-60.000	
333	21.000	-60.000	
267	21.000	-60.000	
337	21.000	-60.000	
314	21.000	-60.000	
261	21.000	-60.000	
308	21.000	-60.000	
281	21.000	-60.000	
299	21.000	-60.000	
285	21.000	-60.000	
322	21.000	-60.000	
256	21.000	-60.000	
272	21.000	-60.000	
271	21.000