500	1.000	-54.096	
393	1.000	-51.905	
425	1.000	-57.696	
443	1.000	-58.248	
410	1.000	-56.557	
417	1.000	-54.573	
398	1.000	-56.457	
460	1.000	-56.355	
453	1.000	-60.044	
404	1.000	-54.496	
466	1.000	-52.522	
508	1.000	-59.579	
489	1.000	-52.177	
373	1.000	-55.903	
345	1.000	-58.721	
509	1.000	-54.390	
379	1.000	-54.209	
365	1.000	-55.533	
471	1.000	-56.905	
408	1.000	-53.497	
387	1.000	-57.759	
382	1.000	-57.396	
428	1.000	-60.075	
415	1.000	-59.726	
448	1.000	-59.531	
363	1.000	-55.789	
391	1.000	-54.030	
386	1.000	-54.918	
405	1.000	-55.573	
502	1.000	-55.672	
362	1.000	-53.694	
503	1.000	-54.652	
467	1.000	-55.310	
484	1.000	-56.758	
423	1.000	-57.864	
492	1.000	-56.279	
366	1.000	-56.954	
493	1.000	-54.967	
452	1.000	-56.887	
511	1.000	-59.175	
473	1.000	-56.703	
344	1.000	-56.614	
432	1.000	-53.133	
495	1.000	-58.890	
496	1.000	-53.473	
436	1.000	-52.045	
360	1.000	-56.941	
368	1.000	-53.771	
372	1.000	-57.451	
409	1.000	-57.350	
500	2.000	-54.455	
393	2.000	-51.832	
425	2.000	-57.563	
443	2.000	-57.675	
410	2.000	-56.866	
417	2.000	-54.371	
398	2.000	-56.271	
460	2.000	-55.424	
453	2.000	-59.242	
404	2.000	-54.489	
466	2.000	-52.139	
508	2.000	-58.953	
489	2.000	-51.917	
373	2.000	-55.665	
345	2.000	-58.122	
509	2.000	-53.947	
379	2.000	-54.453	
365	2.000	-55.802	
471	2.000	-55.400	
408	2.000	-53.525	
387	2.000	-57.267	
382	2.000	-57.212	
428	2.000	-58.825	
415	2.000	-59.419	
448	2.000	-58.741	
363	2.000	-56.102	
391	2.000	-54.266	
386	2.000	-53.424	
405	2.000	-55.280	
502	2.000	-55.322	
362	2.000	-53.007	
503	2.000	-53.632	
467	2.000	-54.272	
484	2.000	-56.205	
423	2.000	-57.071	
492	2.000	-55.852	
366	2.000	-55.863	
493	2.000	-54.672	
452	2.000	-56.616	
511	2.000	-58.115	
473	2.000	-56.400	
344	2.000	-56.454	
432	2.000	-52.561	
495	2.000	-57.378	
496	2.000	-53.780	
436	2.000	-50.419	
360	2.000	-56.224	
368	2.000	-53.822	
372	2.000	-56.420	
409	2.000	-55.751	
500	3.000	-53.289	
393	3.000	-50.092	
425	3.000	-55.033	
443	3.000	-54.817	
410	3.000	-55.742	
417	3.000	-51.715	
398	3.000	-53.755	
460	3.000	-51.544	
453	3.000	-55.850	
404	3.000	-52.325	
466	3.000	-60.000	
508	3.000	-56.939	
489	3.000	-60.000	
373	3.000	-53.367	
345	3.000	-54.088	
509	3.000	-51.011	
379	3.000	-52.665	
365	3.000	-54.596	
471	3.000	-51.323	
408	3.000	-51.312	
387	3.000	-54.249	
382	3.000	-55.057	
428	3.000	-54.121	
415	3.000	-56.956	
448	3.000	-55.356	
363	3.000	-55.211	
391	3.000	-52.576	
386	3.000	-60.000	
405	3.000	-52.260	
502	3.000	-52.877	
362	3.000	-60.000	
503	3.000	-60.000	
467	3.000	-60.000	
484	3.000	-53.900	
423	3.000	-54.049	
492	3.000	-53.790	
366	3.000	-51.365	
493	3.000	-51.294	
452	3.000	-54.257	
511	3.000	-53.882	
473	3.000	-53.315	
344	3.000	-53.550	
432	3.000	-60.000	
495	3.000	-52.558	
496	3.000	-52.396	
436	3.000	-60.000	
360	3.000	-52.929	
368	3.000	-52.129	
372	3.000	-52.308	
409	3.000	-50.796	
500	4.000	-60.000	
393	4.000	-60.000	
425	4.000	-60.000	
443	4.000	-60.000	
410	4.000	-51.841	
417	4.000	-60.000	
398	4.000	-60.000	
460	4.000	-60.000	
453	4.000	-60.000	
404	4.000	-60.000	
466	4.000	-60.000	
508	4.000	-52.904	
489	4.000	-60.000	
373	4.000	-60.000	
345	4.000	-60.000	
509	4.000	-60.000	
379	4.000	-60.000	
365	4.000	-50.169	
471	4.000	-60.000	
408	4.000	-60.000	
387	4.000	-60.000	
382	4.000	-60.000	
428	4.000	-60.000	
415	4.000	-51.584	
448	4.000	-60.000	
363	4.000	-51.064	
391	4.000	-60.000	
386	4.000	-60.000	
405	4.000	-60.000	
502	4.000	-60.000	
362	4.000	-60.000	
503	4.000	-60.000	
467	4.000	-60.000	
484	4.000	-60.000	
423	4.000	-60.000	
492	4.000	-60.000	
366	4.000	-60.000	
493	4.000	-60.000	
452	4.000	-60.000	
511	4.000	-60.000	
473	4.000	-60.000	
344	4.000	-60.000	
432	4.000	-60.000	
495	4.000	-60.000	
496	4.000	-60.000	
436	4.000	-60.000	
360	4.000	-60.000	
368	4.000	-60.000	
372	4.000	-60.000	
409	4.000	-60.000	
500	5.000	-60.000	
393	5.000	-60.000	
425	5.000	-60.000	
443	5.000	-60.000	
410	5.000	-60.000	
417	5.000	-60.000	
398	5.000	-60.000	
460	5.000	-60.000	
453	5.000	-60.000	
404	5.000	-60.000	
466	5.000	-54.499	
508	5.000	-60.000	
489	5.000	-52.565	
373	5.000	-60.000	
345	5.000	-60.000	
509	5.000	-60.000	
379	5.000	-60.000	
365	5.000	-60.000	
471	5.000	-60.000	
408	5.000	-60.000	
387	5.000	-60.000	
382	5.000	-60.000	
428	5.000	-60.000	
415	5.000	-60.000	
448	5.000	-60.000	
363	5.000	-60.000	
391	5.000	-60.000	
386	5.000	-55.034	
405	5.000	-60.000	
502	5.000	-60.000	
362	5.000	-56.772	
503	5.000	-60.000	
467	5.000	-60.000	
484	5.000	-60.000	
423	5.000	-60.000	
492	5.000	-60.000	
366	5.000	-60.000	
493	5.000	-60.000	
452	5.000	-60.000	
511	5.000	-60.000	
473	5.000	-60.000	
344	5.000	-60.000	
432	5.000	-57.138	
495	5.000	-60.000	
496	5.000	-60.000	
436	5.000	-60.000	
360	5.000	-60.000	
368	5.000	-60.000	
372	5.000	-60.000	
409	5.000	-60.000	
500	6.000	-55.545	
393	6.000	-60.000	
425	6.000	-55.192	
443	6.000	-55.525	
410	6.000	-60.000	
417	6.000	-60.000	
398	6.000	-55.577	
460	6.000	-60.000	
453	6.000	-60.000	
404	6.000	-60.000	
466	6.000	-60.000	
508	6.000	-60.000	
489	6.000	-60.000	
373	6.000	-51.611	
345	6.000	-60.000	
509	6.000	-60.000	
379	6.000	-60.000	
365	6.000	-60.000	
471	6.000	-60.000	
408	6.000	-60.000	
387	6.000	-50.999	
382	6.000	-60.000	
428	6.000	-60.000	
415	6.000	-60.000	
448	6.000	-55.413	
363	6.000	-60.000	
391	6.000	-60.000	
386	6.000	-60.000	
405	6.000	-60.000	
502	6.000	-60.000	
362	6.000	-60.000	
503	6.000	-60.000	
467	6.000	-60.000	
484	6.000	-60.000	
423	6.000	-60.000	
492	6.000	-55.640	
366	6.000	-60.000	
493	6.000	-60.000	
452	6.000	-50.631	
511	6.000	-60.000	
473	6.000	-60.000	
344	6.000	-60.000	
432	6.000	-60.000	
495	6.000	-60.000	
496	6.000	-60.000	
436	6.000	-60.000	
360	6.000	-60.000	
368	6.000	-60.000	
372	6.000	-60.000	
409	6.000	-60.000	
500	7.000	-60.000	
393	7.000	-60.000	
425	7.000	-60.000	
443	7.000	-60.000	
410	7.000	-60.000	
417	7.000	-60.000	
398	7.000	-60.000	
460	7.000	-60.000	
453	7.000	-60.000	
404	7.000	-60.000	
466	7.000	-60.000	
508	7.000	-60.000	
489	7.000	-60.000	
373	7.000	-60.000	
345	7.000	-60.000	
509	7.000	-60.000	
379	7.000	-60.000	
365	7.000	-60.000	
471	7.000	-60.000	
408	7.000	-60.000	
387	7.000	-60.000	
382	7.000	-60.000	
428	7.000	-60.000	
415	7.000	-60.000	
448	7.000	-60.000	
363	7.000	-60.000	
391	7.000	-60.000	
386	7.000	-60.000	
405	7.000	-60.000	
502	7.000	-60.000	
362	7.000	-60.000	
503	7.000	-60.000	
467	7.000	-60.000	
484	7.000	-60.000	
423	7.000	-60.000	
492	7.000	-60.000	
366	7.000	-60.000	
493	7.000	-60.000	
452	7.000	-60.000	
511	7.000	-60.000	
473	7.000	-60.000	
344	7.000	-60.000	
432	7.000	-60.000	
495	7.000	-60.000	
496	7.000	-60.000	
436	7.000	-60.000	
360	7.000	-60.000	
368	7.000	-60.000	
372	7.000	-60.000	
409	7.000	-60.000	
500	8.000	-60.000	
393	8.000	-60.000	
425	8.000	-60.000	
443	8.000	-60.000	
410	8.000	-60.000	
417	8.000	-60.000	
398	8.000	-60.000	
460	8.000	-60.000	
453	8.000	-60.000	
404	8.000	-52.676	
466	8.000	-60.000	
508	8.000	-60.000	
489	8.000	-60.000	
373	8.000	-60.000	
345	8.000	-60.000	
509	8.000	-60.000	
379	8.000	-60.000	
365	8.000	-60.000	
471	8.000	-60.000	
408	8.000	-60.000	
387	8.000	-60.000	
382	8.000	-60.000	
428	8.000	-52.734	
415	8.000	-60.000	
448	8.000	-60.000	
363	8.000	-60.000	
391	8.000	-60.000	
386	8.000	-60.000	
405	8.000	-60.000	
502	8.000	-60.000	
362	8.000	-60.000	
503	8.000	-60.000	
467	8.000	-60.000	
484	8.000	-60.000	
423	8.000	-60.000	
492	8.000	-60.000	
366	8.000	-60.000	
493	8.000	-60.000	
452	8.000	-60.000	
511	8.000	-52.526	
473	8.000	-60.000	
344	8.000	-60.000	
432	8.000	-60.000	
495	8.000	-60.000	
496	8.000	-60.000	
436	8.000	-60.000	
360	8.000	-52.286	
368	8.000	-52.893	
372	8.000	-60.000	
409	8.000	-60.000	
500	9.000	-60.000	
393	9.000	-60.000	
425	9.000	-60.000	
443	9.000	-60.000	
410	9.000	-60.000	
417	9.000	-60.000	
398	9.000	-60.000	
460	9.000	-60.000	
453	9.000	-60.000	
404	9.000	-60.000	
466	9.000	-60.000	
508	9.000	-60.000	
489	9.000	-60.000	
373	9.000	-60.000	
345	9.000	-60.000	
509	9.000	-60.000	
379	9.000	-60.000	
365	9.000	-60.000	
471	9.000	-60.000	
408	9.000	-60.000	
387	9.000	-60.000	
382	9.000	-60.000	
428	9.000	-60.000	
415	9.000	-60.000	
448	9.000	-60.000	
363	9.000	-60.000	
391	9.000	-60.000	
386	9.000	-60.000	
405	9.000	-60.000	
502	9.000	-60.000	
362	9.000	-60.000	
503	9.000	-60.000	
467	9.000	-60.000	
484	9.000	-60.000	
423	9.000	-60.000	
492	9.000	-60.000	
366	9.000	-60.000	
493	9.000	-60.000	
452	9.000	-60.000	
511	9.000	-60.000	
473	9.000	-60.000	
344	9.000	-60.000	
432	9.000	-60.000	
495	9.000	-60.000	
496	9.000	-60.000	
436	9.000	-51.920	
360	9.000	-60.000	
368	9.000	-60.000	
372	9.000	-60.000	
409	9.000	-60.000	
500	10.000	-60.000	
393	10.000	-60.000	
425	10.000	-60.000	
443	10.000	-60.000	
410	10.000	-60.000	
417	10.000	-50.254	
398	10.000	-60.000	
460	10.000	-60.000	
453	10.000	-60.000	
404	10.000	-60.000	
466	10.000	-60.000	
508	10.000	-60.000	
489	10.000	-60.000	
373	10.000	-60.000	
345	10.000	-60.000	
509	10.000	-60.000	
379	10.000	-60.000	
365	10.000	-60.000	
471	10.000	-60.000	
408	10.000	-50.229	
387	10.000	-60.000	
382	10.000	-60.000	
428	10.000	-60.000	
415	10.000	-60.000	
448	10.000	-60.000	
363	10.000	-60.000	
391	10.000	-60.000	
386	10.000	-60.000	
405	10.000	-60.000	
502	10.000	-60.000	
362	10.000	-60.000	
503	10.000	-60.000	
467	10.000	-60.000	
484	10.000	-60.000	
423	10.000	-60.000	
492	10.000	-60.000	
366	10.000	-60.000	
493	10.000	-60.000	
452	10.000	-60.000	
511	10.000	-60.000	
473	10.000	-60.000	
344	10.000	-60.000	
432	10.000	-60.000	
495	10.000	-50.271	
496	10.000	-60.000	
436	10.000	-60.000	
360	10.000	-60.000	
368	10.000	-60.000	
372	10.000	-50.108	
409	10.000	-60.000	
500	11.000	-60.000	
393	11.000	-60.000	
425	11.000	-60.000	
443	11.000	-60.000	
410	11.000	-60.000	
417	11.000	-60.000	
398	11.000	-60.000	
460	11.000	-60.000	
453	11.000	-60.000	
404	11.000	-60.000	
466	11.000	-60.000	
508	11.000	-60.000	
489	11.000	-60.000	
373	11.000	-60.000	
345	11.000	-60.000	
509	11.000	-60.000	
379	11.000	-60.000	
365	11.000	-60.000	
471	11.000	-60.000	
408	11.000	-60.000	
387	11.000	-60.000	
382	11.000	-60.000	
428	11.000	-60.000	
415	11.000	-60.000	
448	11.000	-60.000	
363	11.000	-60.000	
391	11.000	-60.000	
386	11.000	-60.000	
405	11.000	-60.000	
502	11.000	-60.000	
362	11.000	-60.000	
503	11.000	-60.000	
467	11.000	-60.000	
484	11.000	-60.000	
423	11.000	-60.000	
492	11.000	-60.000	
366	11.000	-60.000	
493	11.000	-60.000	
452	11.000	-60.000	
511	11.000	-60.000	
473	11.000	-60.000	
344	11.000	-60.000	
432	11.000	-60.000	
495	11.000	-60.000	
496	11.000	-60.000	
436	11.000	-60.000	
360	11.000	-60.000	
368	11.000	-60.000	
372	11.000	-60.000	
409	11.000	-60.000	
500	12.000	-60.000	
393	12.000	-60.000	
425	12.000	-60.000	
443	12.000	-60.000	
410	12.000	-60.000	
417	12.000	-60.000	
398	12.000	-60.000	
460	12.000	-60.000	
453	12.000	-60.000	
404	12.000	-60.000	
466	12.000	-60.000	
508	12.000	-60.000	
489	12.000	-60.000	
373	12.000	-60.000	
345	12.000	-60.000	
509	12.000	-60.000	
379	12.000	-60.000	
365	12.000	-60.000	
471	12.000	-60.000	
408	12.000	-60.000	
387	12.000	-60.000	
382	12.000	-60.000	
428	12.000	-60.000	
415	12.000	-60.000	
448	12.000	-60.000	
363	12.000	-60.000	
391	12.000	-60.000	
386	12.000	-60.000	
405	12.000	-60.000	
502	12.000	-60.000	
362	12.000	-60.000	
503	12.000	-60.000	
467	12.000	-60.000	
484	12.000	-60.000	
423	12.000	-60.000	
492	12.000	-60.000	
366	12.000	-60.000	
493	12.000	-60.000	
452	12.000	-60.000	
511	12.000	-60.000	
473	12.000	-60.000	
344	12.000	-60.000	
432	12.000	-60.000	
495	12.000	-60.000	
496	12.000	-60.000	
436	12.000	-60.000	
360	12.000	-60.000	
368	12.000	-60.000	
372	12.000	-60.000	
409	12.000	-60.000	
500	13.000	-60.000	
393	13.000	-60.000	
425	13.000	-60.000	
443	13.000	-60.000	
410	13.000	-60.000	
417	13.000	-60.000	
398	13.000	-60.000	
460	13.000	-60.000	
453	13.000	-60.000	
404	13.000	-60.000	
466	13.000	-60.000	
508	13.000	-60.000	
489	13.000	-60.000	
373	13.000	-60.000	
345	13.000	-60.000	
509	13.000	-60.000	
379	13.000	-60.000	
365	13.000	-60.000	
471	13.000	-60.000	
408	13.000	-60.000	
387	13.000	-60.000	
382	13.000	-60.000	
428	13.000	-60.000	
415	13.000	-60.000	
448	13.000	-60.000	
363	13.000	-60.000	
391	13.000	-60.000	
386	13.000	-60.000	
405	13.000	-60.000	
502	13.000	-60.000	
362	13.000	-60.000	
503	13.000	-60.000	
467	13.000	-60.000	
484	13.000	-60.000	
423	13.000	-60.000	
492	13.000	-60.000	
366	13.000	-60.000	
493	13.000	-60.000	
452	13.000	-60.000	
511	13.000	-60.000	
473	13.000	-60.000	
344	13.000	-60.000	
432	13.000	-60.000	
495	13.000	-60.000	
496	13.000	-60.000	
436	13.000	-60.000	
360	13.000	-60.000	
368	13.000	-60.000	
372	13.000	-60.000	
409	13.000	-60.000	
500	14.000	-60.000	
393	14.000	-60.000	
425	14.000	-60.000	
443	14.000	-60.000	
410	14.000	-60.000	
417	14.000	-60.000	
398	14.000	-60.000	
460	14.000	-60.000	
453	14.000	-60.000	
404	14.000	-60.000	
466	14.000	-60.000	
508	14.000	-60.000	
489	14.000	-60.000	
373	14.000	-60.000	
345	14.000	-60.000	
509	14.000	-60.000	
379	14.000	-60.000	
365	14.000	-60.000	
471	14.000	-60.000	
408	14.000	-60.000	
387	14.000	-60.000	
382	14.000	-60.000	
428	14.000	-60.000	
415	14.000	-60.000	
448	14.000	-60.000	
363	14.000	-60.000	
391	14.000	-60.000	
386	14.000	-60.000	
405	14.000	-60.000	
502	14.000	-60.000	
362	14.000	-60.000	
503	14.000	-60.000	
467	14.000	-60.000	
484	14.000	-60.000	
423	14.000	-60.000	
492	14.000	-60.000	
366	14.000	-60.000	
493	14.000	-60.000	
452	14.000	-60.000	
511	14.000	-60.000	
473	14.000	-60.000	
344	14.000	-60.000	
432	14.000	-60.000	
495	14.000	-60.000	
496	14.000	-60.000	
436	14.000	-60.000	
360	14.000	-60.000	
368	14.000	-60.000	
372	14.000	-60.000	
409	14.000	-60.000	
500	15.000	-60.000	
393	15.000	-60.000	
425	15.000	-60.000	
443	15.000	-60.000	
410	15.000	-60.000	
417	15.000	-60.000	
398	15.000	-60.000	
460	15.000	-60.000	
453	15.000	-60.000	
404	15.000	-60.000	
466	15.000	-60.000	
508	15.000	-60.000	
489	15.000	-60.000	
373	15.000	-60.000	
345	15.000	-60.000	
509	15.000	-60.000	
379	15.000	-60.000	
365	15.000	-60.000	
471	15.000	-60.000	
408	15.000	-60.000	
387	15.000	-60.000	
382	15.000	-60.000	
428	15.000	-60.000	
415	15.000	-60.000	
448	15.000	-60.000	
363	15.000	-60.000	
391	15.000	-60.000	
386	15.000	-60.000	
405	15.000	-60.000	
502	15.000	-60.000	
362	15.000	-60.000	
503	15.000	-60.000	
467	15.000	-60.000	
484	15.000	-60.000	
423	15.000	-60.000	
492	15.000	-60.000	
366	15.000	-60.000	
493	15.000	-60.000	
452	15.000	-60.000	
511	15.000	-60.000	
473	15.000	-60.000	
344	15.000	-60.000	
432	15.000	-60.000	
495	15.000	-60.000	
496	15.000	-60.000	
436	15.000	-60.000	
360	15.000	-60.000	
368	15.000	-60.000	
372	15.000	-60.000	
409	15.000	-60.000	
500	16.000	-60.000	
393	16.000	-60.000	
425	16.000	-60.000	
443	16.000	-60.000	
410	16.000	-60.000	
417	16.000	-60.000	
398	16.000	-60.000	
460	16.000	-60.000	
453	16.000	-60.000	
404	16.000	-60.000	
466	16.000	-60.000	
508	16.000	-60.000	
489	16.000	-60.000	
373	16.000	-60.000	
345	16.000	-60.000	
509	16.000	-60.000	
379	16.000	-60.000	
365	16.000	-60.000	
471	16.000	-60.000	
408	16.000	-60.000	
387	16.000	-60.000	
382	16.000	-60.000	
428	16.000	-60.000	
415	16.000	-60.000	
448	16.000	-60.000	
363	16.000	-60.000	
391	16.000	-60.000	
386	16.000	-60.000	
405	16.000	-60.000	
502	16.000	-60.000	
362	16.000	-60.000	
503	16.000	-60.000	
467	16.000	-60.000	
484	16.000	-60.000	
423	16.000	-60.000	
492	16.000	-60.000	
366	16.000	-60.000	
493	16.000	-60.000	
452	16.000	-60.000	
511	16.000	-60.000	
473	16.000	-60.000	
344	16.000	-60.000	
432	16.000	-60.000	
495	16.000	-60.000	
496	16.000	-60.000	
436	16.000	-60.000	
360	16.000	-60.000	
368	16.000	-60.000	
372	16.000	-60.000	
409	16.000	-60.000	
500	17.000	-60.000	
393	17.000	-60.000	
425	17.000	-60.000	
443	17.000	-60.000	
410	17.000	-60.000	
417	17.000	-60.000	
398	17.000	-60.000	
460	17.000	-60.000	
453	17.000	-60.000	
404	17.000	-60.000	
466	17.000	-60.000	
508	17.000	-60.000	
489	17.000	-60.000	
373	17.000	-60.000	
345	17.000	-60.000	
509	17.000	-60.000	
379	17.000	-60.000	
365	17.000	-60.000	
471	17.000	-60.000	
408	17.000	-60.000	
387	17.000	-60.000	
382	17.000	-60.000	
428	17.000	-60.000	
415	17.000	-60.000	
448	17.000	-60.000	
363	17.000	-60.000	
391	17.000	-60.000	
386	17.000	-60.000	
405	17.000	-60.000	
502	17.000	-60.000	
362	17.000	-60.000	
503	17.000	-60.000	
467	17.000	-60.000	
484	17.000	-60.000	
423	17.000	-60.000	
492	17.000	-60.000	
366	17.000	-60.000	
493	17.000	-60.000	
452	17.000	-60.000	
511	17.000	-60.000	
473	17.000	-60.000	
344	17.000	-60.000	
432	17.000	-60.000	
495	17.000	-60.000	
496	17.000	-60.000	
436	17.000	-60.000	
360	17.000	-60.000	
368	17.000	-60.000	
372	17.000	-60.000	
409	17.000	-60.000	
500	18.000	-60.000	
393	18.000	-60.000	
425	18.000	-60.000	
443	18.000	-60.000	
410	18.000	-60.000	
417	18.000	-60.000	
398	18.000	-60.000	
460	18.000	-60.000	
453	18.000	-60.000	
404	18.000	-60.000	
466	18.000	-60.000	
508	18.000	-60.000	
489	18.000	-60.000	
373	18.000	-60.000	
345	18.000	-60.000	
509	18.000	-60.000	
379	18.000	-60.000	
365	18.000	-60.000	
471	18.000	-60.000	
408	18.000	-60.000	
387	18.000	-60.000	
382	18.000	-60.000	
428	18.000	-60.000	
415	18.000	-60.000	
448	18.000	-60.000	
363	18.000	-60.000	
391	18.000	-60.000	
386	18.000	-60.000	
405	18.000	-60.000	
502	18.000	-60.000	
362	18.000	-60.000	
503	18.000	-60.000	
467	18.000	-60.000	
484	18.000	-60.000	
423	18.000	-60.000	
492	18.000	-60.000	
366	18.000	-60.000	
493	18.000	-60.000	
452	18.000	-60.000	
511	18.000	-60.000	
473	18.000	-60.000	
344	18.000	-60.000	
432	18.000	-60.000	
495	18.000	-60.000	
496	18.000	-60.000	
436	18.000	-60.000	
360	18.000	-60.000	
368	18.000	-60.000	
372	18.000	-60.000	
409	18.000	-60.000	
500	19.000	-60.000	
393	19.000	-60.000	
425	19.000	-60.000	
443	19.000	-60.000	
410	19.000	-60.000	
417	19.000	-60.000	
398	19.000	-60.000	
460	19.000	-60.000	
453	19.000	-60.000	
404	19.000	-60.000	
466	19.000	-60.000	
508	19.000	-60.000	
489	19.000	-60.000	
373	19.000	-60.000	
345	19.000	-60.000	
509	19.000	-60.000	
379	19.000	-60.000	
365	19.000	-60.000	
471	19.000	-60.000	
408	19.000	-60.000	
387	19.000	-60.000	
382	19.000	-60.000	
428	19.000	-60.000	
415	19.000	-60.000	
448	19.000	-60.000	
363	19.000	-60.000	
391	19.000	-60.000	
386	19.000	-60.000	
405	19.000	-60.000	
502	19.000	-60.000	
362	19.000	-60.000	
503	19.000	-60.000	
467	19.000	-60.000	
484	19.000	-60.000	
423	19.000	-60.000	
492	19.000	-60.000	
366	19.000	-60.000	
493	19.000	-60.000	
452	19.000	-60.000	
511	19.000	-60.000	
473	19.000	-60.000	
344	19.000	-60.000	
432	19.000	-60.000	
495	19.000	-60.000	
496	19.000	-60.000	
436	19.000	-60.000	
360	19.000	-60.000	
368	19.000	-60.000	
372	19.000	-60.000	
409	19.000	-60.000	
500	20.000	-60.000	
393	20.000	-60.000	
425	20.000	-60.000	
443	20.000	-60.000	
410	20.000	-60.000	
417	20.000	-60.000	
398	20.000	-60.000	
460	20.000	-60.000	
453	20.000	-60.000	
404	20.000	-60.000	
466	20.000	-60.000	
508	20.000	-60.000	
489	20.000	-60.000	
373	20.000	-60.000	
345	20.000	-60.000	
509	20.000	-60.000	
379	20.000	-60.000	
365	20.000	-60.000	
471	20.000	-60.000	
408	20.000	-60.000	
387	20.000	-60.000	
382	20.000	-60.000	
428	20.000	-60.000	
415	20.000	-60.000	
448	20.000	-60.000	
363	20.000	-60.000	
391	20.000	-60.000	
386	20.000	-60.000	
405	20.000	-60.000	
502	20.000	-60.000	
362	20.000	-60.000	
503	20.000	-60.000	
467	20.000	-60.000	
484	20.000	-60.000	
423	20.000	-60.000	
492	20.000	-60.000	
366	20.000	-60.000	
493	20.000	-60.000	
452	20.000	-60.000	
511	20.000	-60.000	
473	20.000	-60.000	
344	20.000	-60.000	
432	20.000	-60.000	
495	20.000	-60.000	
496	20.000	-60.000	
436	20.000	-60.000	
360	20.000	-60.000	
368	20.000	-60.000	
372	20.000	-60.000	
409	20.000	-60.000	
500	21.000	-60.000	
393	21.000	-60.000	
425	21.000	-60.000	
443	21.000	-60.000	
410	21.000	-60.000	
417	21.000	-60.000	
398	21.000	-60.000	
460	21.000	-60.000	
453	21.000	-60.000	
404	21.000	-60.000	
466	21.000	-60.000	
508	21.000	-60.000	
489	21.000	-60.000	
373	21.000	-60.000	
345	21.000	-60.000	
509	21.000	-60.000	
379	21.000	-60.000	
365	21.000	-60.000	
471	21.000	-60.000	
408	21.000	-60.000	
387	21.000	-60.000	
382	21.000	-60.000	
428	21.000	-60.000	
415	21.000	-60.000	
448	21.000	-60.000	
363	21.000	-60.000	
391	21.000	-60.000	
386	21.000	-60.000	
405	21.000	-60.000	
502	21.000	-60.000	
362	21.000	-60.000	
503	21.000	-60.000	
467	21.000	-60.000	
484	21.000	-60.000	
423	21.000	-60.000	
492	21.000	-60.000	
366	21.000	-60.000	
493	21.000	-60.000	
452	21.000	-60.000	
511	21.000	-60.000	
473	21.000	-60.000	
344	21.000	-60.000	
432	21.000	-60.000	
495	21.000	-60.000	
496	21.000	-60.000	
436	21.000	-60.000	
360	21.000	-60.000	
368	21.000	-60.000	
372	21.000